11111100000000000000000000000000
00000000010111110000100000100000
00000000010111100000100000100000
00000011110111111111100000100000
00000011111111110000100000100000
10001111110000000000000000100100
00000011110111100001000000100000
00010000010000100000000000000011
11111100000000000000000000000000
11111100000000000000000000000000
11111100000000000000000000000000
00100000001111110000000011001000
00100111111000010000000011001000
00110011111010010000000011111111
00110111111010010000000011111111
00101001001111110000000000011110
00101001001111110000000000001000
11111100000000000000000000000000
11111100000000000000000000000000
11111100000000000000000000000000
11111100000000000000000000000000
11111100000000000000000000000000
11111100000000000000000000000000
11111100000000000000000000000000
11111100000000000000000000000000
00001000000000000000000000000000
11111100000000000000000000000000
11111100000000000000000000000000
11111100000000000000000000000000
11111100000000000000000000000000
11111100000000000000000000000000
11111100000000000000000000000000
